2.4 47.5 0.9
2.7 48.8 1.6
3.0 49.3 2.5
1.6 48.0 2.7
2.7 48.8 2.0
1.2 49.5 1.6
3.0 48.2 3.3
2.2 48.6 1.8
2.2 48.9 0.8
2.5 48.2 5.2
3.2 49.2 3.2
3.6 48.0 2.0
3.8 48.9 2.2
2.2 48.9 3.3
2.5 48.6 2.2
3.8 48.2 1.8
3.9 48.3 1.6
3.6 50.0 2.0
4.7 49.5 3.2
3.6 50.7 2.7
2.2 48.6 1.5
3.3 49.3 4.1
3.6 49.2 2.0
3.0 48.2 1.0
2.7 48.3 2.0
2.5 49.8 3.3
2.2 47.7 1.8
0.9 48.3 3.5
3.6 49.2 2.7
1.8 48.2 3.0
3.0 49.3 3.0
3.2 48.3 3.2
2.4 48.8 2.7
3.2 49.2 3.2
3.3 46.5 2.5
4.1 48.2 1.8
2.7 47.1 2.4
2.5 48.6 3.3
3.8 48.6 2.5
3.6 49.2 2.7
2.7 48.8 2.4
3.2 47.5 1.2
3.0 48.9 1.5
3.0 46.5 3.3
3.2 48.0 1.2
3.9 48.8 1.6
4.1 48.6 3.0
3.3 46.5 2.5
3.9 45.6 2.4
5.4 48.0 2.0
4.5 47.0 3.0
3.3 47.4 3.0
4.8 47.7 -0.3
6.0 49.3 -1.0
7.3 47.5 -1.6
8.9 48.8 -2.7
8.7 51.8 -5.2
8.2 53.7 -9.3
5.8 57.2 -13.6
5.8 57.5 -14.4
2.7 60.8 -16.6
1.2 61.5 -15.4
-38.2 60.3 -18.9
-2.0 62.0 -18.9
-1.6 63.2 -21.1
-4.8 63.8 -21.3
-8.9 62.2 -22.2
-12.9 62.8 -25.0
-13.6 62.8 -23.5
-13.9 62.1 -22.0
-16.6 62.5 -24.3
-16.2 61.3 -27.0
-10.5 62.8 -25.8
-6.0 60.2 -24.8
-1.5 62.5 -20.5
3.0 59.7 -15.0
8.7 54.5 -11.7
8.1 54.3 -6.4
6.4 49.8 -0.3
3.2 48.8 3.5
0.9 45.2 7.9
-3.9 42.0 12.1
-6.9 36.5 12.9
-11.9 36.5 13.6
-18.3 33.2 14.4
-24.3 29.9 12.3
-30.5 28.8 7.9
-33.8 29.0 4.1
-40.8 31.6 -1.2
-41.7 33.5 -7.1
-42.0 37.0 -10.1
-42.0 39.3 -12.8
-41.5 40.8 -19.2
-41.5 39.6 -17.7
-41.8 42.8 -19.6
-41.8 40.8 -18.1
-42.5 38.5 -13.5
-40.0 32.0 -6.2
-36.6 27.1 2.0
-27.9 20.1 7.9
-21.5 17.2 9.1
-17.0 16.2 9.0
-10.9 17.4 9.8
-5.2 17.1 9.8
0.4 18.0 7.9
5.8 20.9 5.4
10.8 28.4 2.4
13.1 33.6 2.0
11.9 39.2 -2.7
12.1 47.0 -5.6
11.6 49.2 -6.2
11.2 53.7 -12.3
6.4 55.7 -15.3
7.5 59.0 -19.8
2.5 59.7 -22.5
0.4 59.8 -22.6
-1.6 61.5 -21.5
-5.2 61.7 -21.0
-3.9 62.2 -23.4
-1.8 60.2 -24.0
4.8 59.0 -21.0
8.1 56.2 -18.5
10.8 52.7 -14.7
12.6 48.0 -6.2
9.6 47.5 -2.4
7.2 45.3 0.8
3.6 42.3 7.9
-1.8 42.2 11.2
-5.2 44.1 12.8
-8.7 42.9 12.3
-12.1 42.2 12.0
-8.7 43.3 11.6
1.2 45.9 9.1
8.4 51.5 -1.2
11.7 51.8 -7.5
13.6 52.5 -19.0
10.4 52.7 -30.1
6.2 51.9 -38.4
2.5 47.7 -44.5
-4.1 45.0 -46.5
-6.8 43.8 -49.0
-6.4 42.6 -47.2
-2.0 43.5 -46.2
2.7 45.9 -44.4
10.9 48.6 -33.3
13.9 50.5 -23.2
12.3 50.7 -14.4
8.9 50.0 -2.0
1.6 48.0 7.7
-5.4 45.9 11.7
-15.1 44.1 12.8
-18.0 44.4 12.9
-14.6 44.0 13.6
-4.8 48.9 11.2
10.5 51.5 -0.2
12.9 51.0 -13.8
16.2 49.8 -22.0
14.1 45.9 -32.7
8.7 41.4 -43.0
1.5 35.4 -48.3
0.4 35.5 -48.5
-0.4 32.0 -48.9
0.4 33.2 -48.9
6.0 33.5 -46.5
10.4 36.5 -44.4
13.1 40.3 -39.9
13.2 47.0 -33.8
10.5 53.7 -26.2
6.6 62.0 -20.7
-0.8 62.8 -18.3
-6.8 64.1 -13.8
-7.9 66.0 -12.8
-5.6 66.0 -14.2
-4.1 65.7 -16.8
3.2 60.8 -17.7
10.5 57.8 -23.5
12.3 51.9 -29.4
14.6 45.9 -32.7
15.9 39.3 -35.2
13.8 31.2 -38.7
11.6 24.0 -39.5
10.2 23.4 -39.3
13.2 29.0 -39.8
15.9 40.2 -33.3
14.1 51.2 -24.1
6.9 59.8 -17.4
1.8 63.8 -14.6
-4.5 62.5 -7.8
-13.2 63.8 -5.6
-18.0 61.5 -4.9
-20.2 61.0 -5.4
-23.0 59.5 -5.4
-24.5 58.3 -5.7
-26.1 56.5 -2.5
-27.3 54.5 -0.3
-28.6 53.5 -0.9
-31.0 48.9 0.8
-33.3 42.6 -1.5
-39.5 37.3 -3.3
-41.2 34.7 -7.1
-43.0 27.1 -12.9
-42.6 21.6 -15.1
-41.5 19.2 -18.5
-40.0 16.8 -20.7
-38.1 16.0 -24.1
-38.0 18.3 -27.3
-38.7 18.3 -31.8
-37.5 21.5 -33.0
-36.6 22.8 -35.4
-36.6 26.0 -39.2
-34.5 25.5 -40.5
-33.6 26.9 -42.5
-33.3 24.3 -40.5
-33.6 26.0 -41.0
-34.0 27.8 -40.5
-33.3 27.5 -43.0
-33.3 28.6 -40.5
-34.8 21.0 -37.5
-33.2 10.9 -30.1
-26.9 4.7 -22.8
-22.5 2.1 -13.9
-15.8 1.6 -9.1
-9.3 4.1 -6.4
-2.0 6.9 -2.4
2.0 10.9 1.2
4.8 12.8 1.8
4.7 13.2 2.0
7.5 13.5 -0.8
9.4 19.0 -0.8
9.6 20.1 -0.4
14.7 22.6 0.3
12.9 22.6 -1.5
13.9 18.6 -4.1
8.2 11.1 -6.8
0.3 4.7 -6.8
-11.9 -0.2 -9.4
-23.7 2.8 -13.6
-33.0 7.5 -19.8
-38.1 13.2 -21.5
-37.2 16.6 -27.8
-35.5 17.9 -31.5
-36.5 17.4 -34.8
-34.0 16.6 -36.3
-33.9 17.2 -36.9
-32.5 18.3 -38.5
-32.2 19.5 -43.0
-30.5 24.0 -43.2
-29.4 26.9 -44.7
-31.0 31.4 -46.8
-30.5 34.3 -45.2
-29.4 36.8 -45.5
-32.4 34.0 -43.7
-33.3 30.1 -41.5
-37.7 25.2 -38.4
-38.8 24.9 -32.7
-38.7 23.9 -30.3
-40.8 25.2 -26.0
-43.3 26.4 -22.2
-43.0 27.6 -19.2
-44.0 28.6 -13.5
-39.0 25.5 -3.0
-33.2 21.6 6.2
-26.2 19.2 7.7
-18.0 19.6 12.1
-4.8 23.1 13.2
1.6 28.4 10.2
8.1 32.8 7.9
10.4 40.3 3.5
11.2 48.2 -2.2
7.9 56.1 -8.6
3.6 58.3 -13.6
1.6 59.1 -17.7
-1.5 63.3 -21.8
-5.8 63.2 -26.0
-8.7 63.3 -27.8
-13.6 60.9 -28.5
-18.0 60.8 -33.5
-17.4 60.9 -33.0
-16.5 58.3 -34.2
-13.2 58.5 -33.8
-4.7 59.5 -30.5
2.0 59.1 -24.5
7.3 57.2 -14.7
13.2 45.3 -7.5
7.3 34.8 5.4
3.3 30.6 9.8
-1.5 27.5 13.1
-5.8 27.6 14.7
-8.2 28.6 13.8
-3.2 29.2 13.6
-1.2 34.3 9.9
6.4 40.5 6.3
9.3 49.5 -0.9
6.6 55.0 -6.9
5.8 59.8 -13.9
0.3 60.9 -18.8
-5.1 62.2 -20.0
-4.7 61.0 -24.5
-5.8 62.0 -26.7
-6.8 61.3 -26.2
-6.9 62.7 -28.2
-5.4 60.3 -26.4
4.1 60.9 -20.2
7.7 55.0 -14.4
10.4 49.5 -4.7
7.3 45.2 3.5
3.8 44.5 7.8
-1.0 45.3 9.0
-7.9 43.8 12.3
-12.1 39.3 13.8
-14.6 40.3 14.7
-12.6 36.8 14.4
-6.2 38.7 12.9
2.0 45.2 7.9
6.4 49.8 1.0
8.1 53.8 -5.4
5.1 58.7 -9.4
-3.0 62.1 -16.0
-2.7 63.5 -18.9
-6.9 62.2 -18.1
-7.5 63.3 -18.8
-8.7 64.1 -19.8
-6.6 63.2 -20.4
-1.5 61.3 -18.0
3.8 60.5 -13.8
9.4 51.0 -2.5
7.2 41.4 4.8
-0.8 32.2 12.0
-6.2 27.6 13.6
-10.8 25.6 14.4
-13.6 25.8 14.2
-23.1 21.5 15.0
-35.1 21.3 5.7
-41.5 22.8 -3.2
-46.8 29.5 -10.6
-44.4 36.2 -21.3
-41.8 38.7 -28.2
-40.0 36.5 -32.7
-39.8 37.3 -34.5
-38.8 36.8 -32.7
-41.2 30.6 -26.2
-43.8 25.6 -23.4
-42.0 23.9 -20.2
-42.0 21.5 -19.0
-40.0 19.6 -15.1
-39.5 17.1 -11.7
-38.2 15.0 -6.3
-33.9 12.9 -1.2
-30.1 12.1 3.5
-26.1 14.2 7.1
-21.0 16.8 11.4
-20.9 19.0 12.0
-16.0 24.9 14.7
-12.3 26.0 15.9
-1.2 32.4 14.4
2.2 36.2 13.5
10.2 41.4 5.6
12.4 46.2 0.3
13.4 50.4 -5.7
13.1 52.3 -18.1
10.1 56.2 -25.6
3.9 59.8 -29.0
-1.6 56.7 -37.7
-7.3 56.7 -39.5
-10.2 53.7 -43.0
-11.2 49.3 -47.2
-12.9 45.3 -48.3
-10.9 44.1 -48.3
-9.0 44.1 -49.0
-1.2 45.6 -48.5
4.8 46.2 -44.5
11.9 45.6 -33.9
16.6 48.2 -27.0
13.9 51.8 -15.0
11.6 52.7 -6.2
2.4 53.5 3.2
-4.3 56.0 6.4
-14.4 52.5 7.5
-21.9 51.0 6.0
-28.4 52.0 4.1
-32.2 49.8 -1.0
-34.0 49.3 -4.1
-36.9 47.1 -9.4
-39.6 45.2 -15.1
-39.0 42.9 -20.5
-41.7 41.4 -21.0
-41.8 45.2 -23.7
-41.5 43.5 -22.2
-39.8 47.0 -19.0
-38.4 48.0 -12.4
-33.6 52.7 -7.9
-26.5 56.5 -2.5
-17.4 54.9 2.5
-10.8 53.1 5.7
-0.9 51.5 5.4
4.7 51.5 0.2
9.3 53.1 -2.4
10.5 51.8 -6.0
8.2 54.5 -11.6
6.0 59.2 -16.5
0.8 61.3 -19.0
-5.8 62.2 -21.5
-10.5 61.7 -21.3
-13.1 64.2 -23.7
-15.9 61.7 -26.5
-15.3 59.1 -30.9
-14.4 56.5 -36.3
-13.2 55.7 -39.3
-12.1 56.5 -40.5
-6.4 53.7 -40.0
-2.7 54.3 -39.9
0.2 55.0 -37.2
3.3 54.5 -34.8
5.8 53.8 -33.5
8.4 55.5 -30.5
9.3 54.8 -25.2
6.6 58.7 -22.6
5.2 59.7 -14.6
1.5 60.2 -8.6
-4.1 62.1 -4.1
-10.1 60.8 0.9
-15.1 59.0 1.8
-21.0 56.7 2.7
-27.0 54.3 1.2
-32.5 50.1 1.0
-35.8 45.6 -1.6
-40.8 42.8 -6.4
-43.8 39.9 -9.1
-44.0 35.8 -17.2
-42.5 34.7 -21.8
-41.7 33.5 -24.8
-41.5 30.8 -28.2
-43.0 30.5 -28.2
-41.7 25.8 -26.5
-41.7 23.4 -27.3
-40.5 20.2 -22.0
-41.0 15.4 -16.8
-35.4 11.2 -11.7
-30.1 5.2 -7.2
-22.5 2.5 -6.9
-14.1 0.4 -4.2
-12.9 2.0 -4.1
-5.1 3.8 -3.5
4.1 7.5 -2.5
6.6 14.4 -0.4
10.9 20.7 1.0
13.6 25.0 0.3
16.6 35.8 -3.9
17.2 43.5 -7.7
16.0 47.1 -9.9
12.1 54.5 -16.0
4.7 58.3 -19.6
-0.3 60.5 -24.3
-3.0 60.9 -27.0
-6.0 61.7 -28.5
-10.4 62.2 -29.7
-10.4 60.8 -27.5
-12.1 62.1 -25.8
-7.2 62.8 -23.2
-0.3 62.8 -18.0
3.6 59.1 -12.4
6.6 57.5 -10.2
6.9 55.5 -7.9
7.2 54.5 -5.6
6.9 55.5 -4.9
7.2 54.2 -3.0
6.0 54.5 -1.5
1.0 51.8 3.0
-2.2 51.3 7.1
-5.8 51.2 9.1
-13.6 48.9 11.2
-23.9 45.8 13.1
-34.5 41.4 9.3
-43.0 36.5 -2.4
-43.3 37.2 -12.9
-44.7 39.8 -22.8
-41.1 41.1 -29.7
-40.0 40.3 -30.1
-40.0 39.6 -31.6
-41.1 40.3 -28.6
-40.0 41.1 -28.2
-41.0 43.8 -24.0
-38.1 48.3 -23.0
-36.0 50.5 -19.0
-33.8 55.7 -14.2
-26.9 58.5 -9.0
-19.6 60.9 -4.5
-10.1 60.8 -0.4
0.4 59.5 -3.5
4.8 59.7 -7.8
9.4 57.8 -16.5
10.1 56.2 -27.5
6.8 53.0 -37.5
0.9 51.5 -41.7
-5.8 48.0 -46.2
-15.8 45.9 -46.7
-19.0 43.5 -48.9
-20.5 39.6 -48.5
-19.8 39.6 -49.7
-14.7 37.3 -50.2
-7.5 36.2 -50.2
-1.8 35.0 -49.0
2.2 38.2 -47.5
6.0 41.7 -43.8
6.8 47.4 -42.0
3.9 56.7 -36.5
-0.8 59.2 -30.3
-7.7 63.5 -24.9
-15.4 66.0 -20.5
-21.9 62.8 -14.2
-30.3 57.8 -8.6
-37.3 53.1 -12.9
-40.0 48.0 -17.7
-41.8 44.7 -24.9
-41.1 39.6 -29.4
-39.6 38.4 -32.4
-40.2 40.5 -33.0
-39.2 42.0 -33.9
-38.0 41.0 -34.8
-39.0 43.8 -31.0
-39.0 47.7 -27.0
-36.2 53.5 -19.2
-31.2 56.7 -16.2
-24.3 63.3 -15.0
-18.1 64.1 -14.2
-7.7 65.4 -16.2
-0.3 63.8 -16.0
4.5 61.3 -19.8
5.2 59.7 -23.5
5.4 56.8 -27.0
5.4 55.5 -30.5
1.6 57.9 -32.4
-0.9 61.5 -29.4
-4.3 62.7 -29.4
-10.1 62.7 -29.7
-10.4 61.5 -29.4
-11.7 62.8 -30.3
-14.1 60.8 -30.5
-13.8 61.0 -29.0
-9.8 61.7 -26.2
-4.5 62.1 -25.8
0.3 60.5 -23.5
6.0 59.0 -15.3
5.8 57.9 -11.4
7.7 51.2 -4.2
6.0 48.9 3.0
1.8 45.0 7.5
1.5 42.6 9.0
3.6 45.6 6.2
6.4 50.1 1.8
6.0 54.9 -4.5
3.9 59.1 -11.4
0.3 61.3 -17.2
-3.9 62.0 -21.1
-10.8 63.9 -25.2
-14.4 63.8 -27.3
-20.2 59.5 -31.2
-23.0 57.5 -32.4
-23.4 56.1 -33.3
-25.8 53.7 -34.5
-27.3 55.3 -33.3
-25.8 54.2 -34.8
-26.7 52.7 -36.9
-27.0 49.5 -38.4
-24.5 53.5 -38.4
-23.0 52.7 -38.0
-23.1 54.5 -38.2
-22.2 55.5 -38.4
-14.9 57.9 -35.7
-6.9 61.0 -32.4
1.8 59.7 -27.3
6.8 58.5 -18.8
7.5 54.9 -6.8
4.5 51.8 1.5
-2.2 49.8 8.2
-10.1 48.0 12.4
-15.3 44.4 14.4
-26.0 38.7 11.7
-32.7 34.3 9.1
-39.8 34.2 -1.0
-44.4 34.7 -11.6
-43.0 38.4 -20.7
-40.5 41.7 -26.5
-38.4 40.8 -33.9
-36.5 42.9 -36.8
-33.0 40.2 -40.8
-31.5 40.5 -43.5
-29.4 38.4 -46.2
-24.8 39.6 -47.7
-24.3 40.5 -47.5
-22.2 39.2 -50.0
-19.0 41.1 -51.5
-17.0 40.5 -48.8
-15.8 40.8 -51.2
-16.0 39.9 -51.2
-15.9 39.8 -51.8
-16.2 39.3 -50.2
-21.1 38.5 -49.8
-27.3 36.6 -48.0
-33.2 34.3 -42.2
-37.5 30.6 -37.5
-42.9 25.5 -25.5
-43.7 25.8 -19.8
-43.0 27.1 -19.2
-41.8 29.2 -26.7
-38.7 31.0 -37.5
-31.2 37.2 -44.4
-28.8 37.8 -45.0
-30.8 36.2 -45.8
-31.5 37.3 -43.0
-32.5 40.2 -42.0
-34.0 42.2 -39.3
-34.5 45.8 -37.0
-36.5 47.4 -32.5
-38.0 45.8 -32.2
-39.8 45.8 -28.5
-41.5 41.5 -26.7
-40.3 42.3 -27.9
-37.2 42.6 -33.3
-35.2 41.4 -39.8
-32.0 39.9 -42.9
-30.1 39.2 -43.7
-31.6 44.0 -42.5
-35.2 45.0 -36.8
-34.8 48.9 -32.5
-38.2 47.0 -28.5
-41.2 44.5 -27.8
-40.8 38.7 -27.9
-42.5 33.8 -24.3
-42.3 30.8 -21.5
-43.7 28.6 -20.2
-43.2 26.5 -13.8
-40.0 25.2 -3.5
-35.5 25.8 3.8
-26.2 30.5 12.4
-13.1 31.2 13.2
-3.2 36.5 12.1
3.0 42.6 6.0
5.4 48.8 2.0
5.1 54.8 -3.2
3.2 57.2 -5.4
4.5 54.2 -5.2
3.6 55.5 -5.7
3.3 56.5 -7.5
4.1 56.5 -7.5
5.1 57.2 -6.4
7.9 51.8 -5.6
8.2 50.1 -2.2
6.9 47.5 0.9
5.1 46.3 3.5
4.5 44.5 4.8
6.6 44.0 4.7
6.4 42.6 2.5
9.0 44.1 0.8
9.4 48.9 -0.8
10.4 49.2 -1.2
11.7 45.0 -0.8
11.9 41.1 -0.4
10.8 39.0 4.1
6.6 35.2 7.2
5.1 32.4 9.1
4.1 31.0 8.6
6.6 31.2 7.9
8.1 39.2 4.9
10.5 45.8 -0.3
11.1 46.8 -2.7
11.7 44.1 -0.8
11.6 40.8 0.9
8.4 29.2 4.9
5.2 24.6 6.8
3.8 24.6 8.6
6.2 29.5 8.7
9.0 37.0 4.8
11.6 47.5 -2.7
9.3 51.5 -4.9
5.4 54.8 -4.9
4.8 58.5 -4.5
3.6 56.7 -6.2
3.0 59.2 -8.6
2.7 59.8 -10.9
2.0 59.5 -13.6
4.1 59.7 -15.3
6.8 59.0 -17.2
8.2 56.8 -18.0
9.0 55.7 -16.5
12.3 52.3 -11.7
13.9 46.5 -5.2
13.1 44.0 -2.0
8.4 44.7 4.2
2.5 42.2 9.3
-3.9 39.9 15.4
-11.1 37.7 15.1
-20.1 34.2 16.5
-31.8 29.4 9.8
-37.5 32.2 3.8
-44.0 34.7 -9.8
-43.3 35.5 -19.2
-43.3 36.0 -23.0
-41.7 33.5 -24.3
-41.5 29.5 -22.2
-43.0 28.0 -16.2
-41.5 25.2 -9.9
-38.7 23.4 -3.0
-29.5 29.4 9.8
-23.9 35.8 12.8
-18.0 44.4 12.9
-7.5 48.6 10.5
2.5 53.7 4.1
9.8 53.0 -2.2
12.4 51.0 -10.5
15.9 50.5 -15.8
15.3 45.6 -27.5
13.2 41.7 -37.5
6.9 37.7 -45.2
4.8 33.5 -47.2
0.8 33.8 -49.0
0.4 32.8 -49.2
3.8 31.8 -47.2
13.2 37.0 -39.8
18.0 40.3 -26.7
17.7 44.1 -10.8
10.1 48.8 -0.2
-5.6 47.1 10.2
-13.9 45.3 15.0
-10.5 46.2 15.0
5.8 49.5 7.7
16.2 48.2 -6.3
20.1 41.4 -22.5
18.1 36.2 -32.2
11.6 32.0 -39.2
8.4 29.5 -41.4
4.8 25.5 -47.2
6.0 25.5 -45.0
10.2 26.5 -41.5
16.5 32.0 -36.2
17.4 42.2 -28.0
17.2 48.8 -20.0
9.0 59.0 -12.0
0.9 64.2 -9.9
-4.7 66.6 -11.4
-6.6 64.2 -9.9
-6.9 65.1 -10.6
2.5 60.9 -15.0
10.2 59.0 -20.5
9.4 54.5 -24.3
13.4 51.9 -26.7
13.4 52.7 -21.1
11.2 53.7 -22.0
7.7 57.5 -18.1
3.8 60.5 -15.0
-2.4 61.0 -14.4
-10.4 62.0 -11.4
-16.2 63.3 -12.3
-28.2 58.7 -13.6
-32.4 55.0 -19.2
-33.0 53.0 -20.5
-33.0 54.2 -20.2
-32.0 53.1 -17.7
-32.0 54.3 -19.6
-33.9 53.1 -19.6
-35.8 48.8 -20.7
-38.7 44.1 -25.5
-38.2 40.5 -30.3
-37.3 37.7 -33.9
-38.1 36.8 -35.0
-37.3 35.2 -36.5
-38.7 36.6 -34.5
-38.7 40.5 -30.8
-37.3 48.8 -24.1
-34.7 52.7 -21.5
-25.4 60.2 -13.1
-16.6 62.8 -7.8
-12.6 63.5 -7.7
-9.4 64.5 -6.8
-9.3 63.2 -5.7
-10.2 63.3 -5.6
-7.5 63.8 -9.0
-9.6 66.3 -12.1
-13.9 66.0 -13.8
-13.8 63.5 -20.0
-13.6 64.1 -21.3
-14.9 65.4 -26.0
-13.4 63.9 -26.4
-11.7 64.1 -27.3
-12.1 64.5 -25.0
-9.6 64.2 -26.7
-9.8 64.1 -27.0
-10.1 62.7 -27.5
-8.4 64.2 -26.4
-8.4 64.2 -20.4
-9.8 64.1 -21.3
-8.9 63.2 -20.0
-10.9 64.1 -19.5
-12.3 64.7 -14.4
-10.1 64.7 -12.9
-10.8 64.2 -17.7
-13.4 64.2 -14.4
-15.3 63.9 -13.2
-19.6 63.3 -15.3
-19.8 62.2 -14.4
-21.5 62.0 -15.1
-21.9 60.5 -16.8
-25.4 60.9 -14.6
-29.0 56.2 -17.0
-30.8 53.7 -21.0
-34.0 52.0 -25.5
-34.8 46.5 -31.8
-34.8 41.4 -38.2
-33.0 40.2 -41.2
-31.0 39.8 -42.8
-29.7 41.5 -44.0
-29.5 43.8 -43.0
-32.2 46.2 -39.0
-32.4 50.4 -33.5
-31.8 53.7 -22.0
-29.4 57.2 -15.1
-24.8 59.5 -10.6
-23.0 60.8 -7.9
-24.6 61.3 -10.5
-28.2 59.5 -13.9
-34.3 52.7 -25.6
-36.0 45.8 -32.2
-31.6 38.0 -41.0
-28.8 35.0 -45.3
-24.5 32.4 -48.9
-26.7 34.8 -47.4
-31.6 37.7 -43.7
-35.8 44.7 -35.7
-35.8 51.5 -24.9
-30.3 57.8 -19.5
-27.3 60.2 -19.0
-30.9 56.7 -25.2
-33.2 47.1 -36.2
-33.9 40.8 -39.9
-35.1 40.3 -36.9
-38.2 46.2 -28.8
-33.9 52.7 -22.2
-33.6 56.2 -15.1
-26.7 60.3 -11.7
-24.5 59.5 -12.1
-21.0 63.2 -9.9
-21.9 59.7 -9.8
-32.7 56.2 -15.9
-36.8 51.3 -23.2
-36.2 48.3 -30.5
-32.0 44.7 -38.4
-26.9 44.1 -43.0
-23.0 41.1 -47.7
-17.7 38.5 -49.5
-12.6 39.6 -49.7
-9.4 35.8 -51.0
-6.4 34.7 -51.3
-2.2 33.0 -51.0
-0.3 31.4 -49.8
-1.0 34.7 -50.5
-4.8 39.3 -49.5
-21.5 40.8 -47.7
-29.1 40.2 -44.2
-37.2 40.2 -34.5
-38.8 43.2 -25.6
-39.0 47.7 -19.5
-34.5 52.0 -12.3
-30.3 54.9 -6.8
-25.0 57.8 -3.3
-28.0 57.8 -3.3
-31.2 53.5 -1.2
-33.8 53.0 -1.8
-36.2 52.3 -6.9
-35.2 55.3 -16.8
-32.0 54.8 -22.6
-28.6 57.2 -28.2
-21.8 57.8 -33.0
-17.2 56.7 -38.0
-13.9 56.1 -39.8
-8.2 55.3 -42.3
-5.2 49.8 -43.8
-8.4 48.8 -47.0
-13.8 45.6 -48.9
-17.5 45.2 -47.7
-16.8 51.5 -44.7
-13.1 56.7 -39.9
-10.2 59.7 -35.5
-4.3 60.8 -32.7
0.2 58.7 -28.6
7.2 57.3 -30.0
8.2 54.9 -29.5
9.8 49.8 -32.5
9.6 46.8 -38.0
6.6 45.6 -42.9
-1.0 42.9 -48.0
-7.3 41.5 -49.7
-18.9 41.4 -49.5
-24.3 40.5 -47.2
-32.4 44.0 -40.2
-30.1 49.2 -36.2
-33.8 51.3 -34.0
-24.3 57.3 -32.5
-18.9 58.5 -32.5
-9.3 61.5 -32.7
1.2 58.3 -34.2
8.1 53.1 -33.2
11.1 49.2 -35.4
12.6 47.1 -33.2
14.1 41.1 -34.2
11.1 43.5 -39.5
0.9 42.0 -48.2
-10.1 42.8 -50.4
-25.2 40.3 -45.9
-35.5 40.5 -36.3
-41.8 40.8 -21.5
-42.5 41.4 -9.3
-36.5 39.8 5.6
-29.5 40.2 9.3
-26.2 39.2 14.4
-22.6 36.6 15.0
-23.1 41.0 12.8
-26.2 45.6 11.4
-33.2 54.8 -2.7
-31.2 56.2 -23.7
-25.2 56.2 -37.7
-16.8 49.5 -45.9
0.2 42.0 -47.4
5.8 35.5 -46.7
12.3 35.2 -39.2
12.9 38.2 -36.8
8.4 41.1 -40.7
-1.8 47.0 -46.8
-12.3 50.7 -45.2
-26.2 51.2 -38.4
-34.0 51.3 -29.2
-35.8 48.3 -14.4
-35.8 50.4 -6.4
-33.2 54.3 -2.7
-32.0 56.2 -4.7
-34.8 53.2 -6.0
-37.5 52.0 -12.3
-38.2 50.1 -26.2
-35.4 44.4 -37.7
-27.0 39.6 -46.7
-20.2 33.6 -50.0
-21.5 33.6 -48.5
-33.0 40.5 -42.0
-38.8 50.0 -27.1
-35.2 53.2 -17.5
-28.6 58.3 -12.1
-19.5 61.0 -2.0
-15.1 60.5 -3.8
-17.0 61.7 -4.5
-15.8 59.1 -2.4
-16.2 56.5 1.0
-17.0 56.8 -0.3
-13.9 60.5 -3.8
-10.9 61.7 -8.2
-7.3 59.8 -6.9
-3.8 59.7 -5.2
-3.6 56.7 -3.5
0.0 59.0 -3.0
-1.6 57.9 -3.2
2.7 56.0 -1.6
1.6 53.8 0.4
3.3 53.2 -0.3
2.0 53.5 0.9
2.2 53.7 0.3
5.4 52.7 -2.7
6.0 49.8 0.3
7.5 48.2 0.8
5.6 43.8 5.2
2.2 41.0 10.1
-11.2 34.7 15.3
-21.9 31.4 12.0
-30.9 30.0 6.4
-36.9 28.0 -3.2
-42.0 31.0 -16.0
-42.9 29.9 -20.5
-42.9 31.4 -15.3
-41.7 35.0 -13.1
-39.6 35.2 -4.2
-33.6 35.2 4.9
-24.3 39.8 9.1
-16.6 41.0 12.8
-11.6 41.1 11.4
-4.1 40.2 12.8
-2.5 42.6 9.3
-0.2 43.5 9.9
1.2 43.5 8.4
2.7 45.9 6.2
4.3 45.6 6.2
4.8 46.2 5.2
4.8 46.5 4.1
4.5 47.0 3.8
8.2 48.6 0.3
4.8 51.3 1.8
7.7 48.0 2.0
6.9 45.6 5.4
5.1 45.9 2.0
6.0 50.1 0.8
7.5 53.7 -4.5
6.9 55.5 -8.4
6.0 59.2 -10.8
4.7 57.2 -15.1
2.0 61.5 -20.4
-2.7 60.8 -21.9
-1.0 60.9 -25.0
1.8 60.9 -23.2
1.5 60.9 -20.2
6.8 55.7 -11.6
9.3 52.7 -3.9
3.6 44.7 7.9
-5.2 44.1 9.8
-14.9 44.0 12.1
-22.5 43.5 10.2
-25.4 43.8 6.0
-29.9 42.6 5.2
-32.0 44.4 4.2
-33.6 44.0 0.4
-32.0 43.2 0.4
-31.0 43.3 4.8
-23.7 47.1 6.4
-16.2 53.0 6.0
-10.4 54.8 5.4
-3.0 57.8 -2.2
2.0 59.8 -14.4
4.8 61.7 -22.5
4.1 54.5 -34.0
3.0 49.8 -42.0
1.8 44.1 -43.8
-0.8 46.2 -46.8
-1.6 48.0 -44.7
0.3 47.7 -44.2
0.8 52.5 -40.5
1.6 56.2 -35.4
-1.2 60.3 -30.1
-2.5 62.1 -27.3
-4.7 62.2 -26.4
-2.4 60.3 -29.7
-2.4 61.0 -27.9
0.4 59.5 -29.0
5.4 56.7 -26.7
7.5 57.3 -22.5
7.3 59.8 -18.1
3.9 60.8 -15.4
3.8 61.3 -15.8
-7.3 64.2 -17.7
-13.2 64.8 -19.8
-19.4 64.1 -24.3
-25.2 59.5 -29.0
-32.2 50.5 -34.0
-30.5 46.8 -36.9
-31.6 44.7 -38.4
-32.4 44.4 -35.7
-35.4 46.8 -33.5
-35.4 47.1 -30.9
-33.6 52.7 -25.6
-31.8 55.7 -22.0
-28.0 58.0 -19.8
-21.6 61.3 -16.5
-14.4 62.8 -12.8
-7.5 62.5 -8.2
-4.8 61.3 -4.5
-5.8 60.8 -2.0
-4.5 56.1 -0.8
-5.1 56.7 0.2
-3.8 56.5 1.8
-4.5 54.2 1.8
-0.2 53.1 0.2
0.4 53.1 0.9
-0.8 51.3 4.1
-0.8 51.8 3.3
-0.3 51.3 4.1
-0.3 50.1 4.5
-2.0 47.5 5.4
-2.2 48.9 6.0
-2.5 48.6 6.0
-2.2 48.2 4.5
-3.8 47.0 6.3
-6.8 47.4 8.2
-5.1 44.0 9.9
-5.8 44.4 8.4
-5.2 42.6 9.8
-4.8 42.6 9.3
-3.3 43.3 9.8
-3.8 42.9 8.6
-2.5 45.0 7.1
-0.8 46.5 4.8
-0.3 49.3 1.8
-0.3 51.0 3.0
0.9 51.2 3.9
-0.8 51.8 2.2
-0.3 51.3 3.3
-1.2 51.9 3.5
-1.2 51.5 2.7
0.2 52.3 2.4
-2.5 51.3 2.2
-1.0 52.0 4.1
0.9 50.4 1.6
-1.8 51.8 3.0
0.3 53.0 2.5
-1.2 50.4 2.0
-1.2 51.5 2.4
0.8 52.5 2.2
-0.9 50.0 4.2
-1.6 51.2 2.7
0.0 52.0 2.2
0.4 51.2 2.4
-0.9 52.7 2.4
0.0 50.5 2.5
0.0 50.1 2.5
1.2 52.3 2.4
0.2 51.2 1.6
-2.2 51.8 3.0
-0.4 50.7 3.2
-0.2 50.7 3.2
-0.9 50.7 2.7
0.2 51.5 3.9
0.2 52.3 3.9
0.9 50.0 1.6
-0.2 50.0 3.5
-0.9 51.5 3.2
-0.3 51.0 3.8
0.3 49.8 2.5
-0.8 52.0 3.0
-0.9 51.9 2.7
0.3 50.1 1.8
0.3 50.5 1.0
0.8 53.0 2.2
-0.3 50.1 2.5
-0.4 51.2 1.6
-0.3 50.5 2.5
0.2 50.7 2.0
-1.0 51.8 0.3
-0.4 51.2 2.4
-0.2 50.4 3.9
-0.2 51.5 2.0
-0.2 51.5 3.5
-1.5 52.0 2.5
0.3 50.5 1.8
1.2 51.9 2.7
-0.4 52.7 2.7
0.0 51.3 3.8
-0.9 50.7 2.0
-1.2 51.2 2.4
0.8 51.8 3.0
-0.3 52.5 3.0
-1.2 51.9 2.0
-0.4 53.8 2.7
-0.3 51.3 2.2
-2.2 53.2 1.5
-0.8 51.8 3.0
